// Chapter 4 - Shape

// Example 4.1
freq = [300, 400, 700, 300, 100, 100, 100];
position(freq, 400)>>1;
position(freq,100)>>4;

setData(freq);
position(700)>>2;

relfreq(freq)>>[0.15, 0.2, 0.35, 0.15, 0.05, 0.05, 0.05];
relfreq()>>[0.15, 0.2, 0.35, 0.15, 0.05, 0.05, 0.05];

// Example 4.7

heights=[29028, 28250, 28208, 26810, 26660, 26504, 25645,
25447, 25355, 25230, 24902, 24757, 24590, 24406, 23997,
23891, 22831, 22572, 22310, 22211, 22205, 22057, 21489,
21276, 20561, 20320, 19850, 19347, 19340, 19199, 18855,
18481, 18376, 18008, 17999, 17887, 17058, 17054, 16946,
16864, 16795, 16558, 16503, 15771, 15584, 15203, 15157,
14688, 14494, 14433, 14410, 14272, 14162, 14110, 14022,
13845, 13796, 13680, 13665, 13642, 13350, 13323, 12972,
12461, 12389, 12349, 12172, 12060, 11411, 11053, 10457];
dim(heights)>>71;
mean(heights)>>18,529.0563;
pstdev(heights)>>5,008.4028;
zscores(heights)>>[2.1, 1.94, 1.93, 1.65, 1.62, 1.59, 1.42, 1.38, 1.36, 1.34, 1.27, 1.24, 1.21, 1.17, 1.09, 1.07, 0.86, 0.81, 0.75, 0.74, 0.73, 0.7, 0.59, 0.55, 0.41, 0.36, 0.26, 0.16, 0.16, 0.13, 0.07, -0.01, -0.03, -0.1, -0.11, -0.13, -0.29, -0.29, -0.32, -0.33, -0.35, -0.39, -0.4, -0.55, -0.59, -0.66, -0.67, -0.77, -0.81, -0.82, -0.82, -0.85, -0.87, -0.88, -0.9, -0.94, -0.95, -0.97, -0.97, -0.98, -1.03, -1.04, -1.11, -1.21, -1.23, -1.23, -1.27, -1.29, -1.42, -1.49, -1.61];

setData(heights);
zscores()>>[2.1, 1.94, 1.93, 1.65, 1.62, 1.59, 1.42, 1.38, 1.36, 1.34, 1.27, 1.24, 1.21, 1.17, 1.09, 1.07, 0.86, 0.81, 0.75, 0.74, 0.73, 0.7, 0.59, 0.55, 0.41, 0.36, 0.26, 0.16, 0.16, 0.13, 0.07, -0.01, -0.03, -0.1, -0.11, -0.13, -0.29, -0.29, -0.32, -0.33, -0.35, -0.39, -0.4, -0.55, -0.59, -0.66, -0.67, -0.77, -0.81, -0.82, -0.82, -0.85, -0.87, -0.88, -0.9, -0.94, -0.95, -0.97, -0.97, -0.98, -1.03, -1.04, -1.11, -1.21, -1.23, -1.23, -1.27, -1.29, -1.42, -1.49, -1.61];

// Example 4.8

murders=[13.3, 12.9, 9.4, 9.1, 11.7,
7.3, 4.2, 6.7, 11.0, 14.4, 6.7, 5.4, 9.9,
6.2, 2.6, 5.7, 9.0, 15.8, 2.7, 8.2,
3.7, 10.6, 2.0, 12.6, 10.4, 4.8, 3.0,
15.5, 1.4, 10.2, 10.3, 10.8, 1.2, 6.9, 
8.5, 5.0, 6.2, 4.0, 11.5, 1.9, 9.4, 14.2,
3.7, 3.3, 8.8, 4.6, 6.8, 2.5, 7.1];
m = sortasc(murders);
a=3;
a>>3;
m>>[1.2, 1.4, 1.9, 2, 2.5, 2.6, 2.7, 3, 3.3, 3.7, 3.7, 4, 4.2, 4.6, 4.8, 5, 5.4, 5.7, 6.2, 6.2, 6.7, 6.7, 6.8, 6.9, 7.1, 7.3, 8.2, 8.5, 8.8, 9, 9.1, 9.4, 9.4, 9.9, 10.2, 10.3, 10.4, 10.6, 10.8, 11, 11.5, 11.7, 12.6, 12.9, 13.3, 14.2, 14.4, 15.5, 15.8];
setData(m);
zscores(m)>>[-1.63, -1.58, -1.45, -1.43, -1.3, -1.27, -1.25, -1.17, -1.1, -0.99, -0.99, -0.92, -0.87, -0.77, -0.71, -0.66, -0.56, -0.49, -0.36, -0.36, -0.23, -0.23, -0.21, -0.18, -0.13, -0.08, 0.15, 0.22, 0.3, 0.35, 0.38, 0.45, 0.45, 0.58, 0.66, 0.68, 0.71, 0.76, 0.81, 0.86, 0.99, 1.04, 1.27, 1.34, 1.44, 1.67, 1.72, 2, 2.08];
// setData(m);
