A=[1,2;3,4]>>
	1.0	2.0
	3.0	4.0
;
B=[5,6;7,8]>>
	5.0	6.0
	7.0	8.0
;
C=[A;B]>>
	1.0	2.0
	3.0	4.0
	5.0	6.0
	7.0	8.0
;
[1,2,3,4,5]>>[1.0, 2.0, 3.0, 4.0, 5.0];
D=[[1,2;3,4];[5,6;7,8]]>>
	1.0	2.0
	3.0	4.0
	5.0	6.0
	7.0	8.0
;
x=[1,2,3]>>[1.0, 2.0, 3.0];
y=[4,5,6]>>[4.0, 5.0, 6.0];
z=[x,y]>>[1.0, 2.0, 3.0, 4.0, 5.0, 6.0];
zz=[x;y]>>
	1.0	2.0	3.0
	4.0	5.0	6.0
;
A>>
	1.0	2.0
	3.0	4.0
;
B>>
	5.0	6.0
	7.0	8.0
;
m=[A,B,zz]>>
	1.0	2.0	5.0	6.0	1.0	2.0	3.0
	3.0	4.0	7.0	8.0	4.0	5.0	6.0
;
n=[m;m]>>
	1.0	2.0	5.0	6.0	1.0	2.0	3.0
	3.0	4.0	7.0	8.0	4.0	5.0	6.0
	1.0	2.0	5.0	6.0	1.0	2.0	3.0
	3.0	4.0	7.0	8.0	4.0	5.0	6.0
;
xx=[10;20;30;40;50]>>
	10.0
	20.0
	30.0
	40.0
	50.0
;
o = [n,xx]>>
	1.0	2.0	5.0	6.0	1.0	2.0	3.0	10.0
	3.0	4.0	7.0	8.0	4.0	5.0	6.0	20.0
	1.0	2.0	5.0	6.0	1.0	2.0	3.0	30.0
	3.0	4.0	7.0	8.0	4.0	5.0	6.0	40.0
	0.0	0.0	0.0	0.0	0.0	0.0	0.0	50.0
;